0 0.922718 0.408654 0.0798755 0.0519231 0.0103912
0 0.905083 0.49375 0.0840249 0.0932692 0.0110626
0 0.792012 0.474038 0.0923237 0.0519231 0.0115814
0 0.755705 0.557692 0.0840249 0.0538462 0.0121765
0 0.907158 0.415865 0.090249 0.0836538 0.0126114
0 0.817946 0.482692 0.0943983 0.0576923 0.0131378
0 0.906639 0.460577 0.0975104 0.0788462 0.0171509
0 0.932573 0.570192 0.0809129 0.146154 0.0350952
0 0.906639 0.535096 0.060166 0.120192 0.0379028
0 0.765041 0.626442 0.0612033 0.116346 0.343262
0 0.957469 0.574519 0.0497925 0.125962 0.858398
