0 0.588098 0.577404 0.101729 0.104808 0.0108566
0 0.290226 0.645192 0.0272606 0.0923077 0.0108566
0 0.422207 0.641827 0.0957447 0.0855769 0.0117722
0 0.379654 0.645192 0.0731383 0.0576923 0.0130005
0 0.394282 0.711058 0.0664894 0.122115 0.0152817
0 0.136968 0.439904 0.0704787 0.0567308 0.0172272
0 0.376662 0.496635 0.0591755 0.0548077 0.0201416
0 0.614029 0.6 0.104388 0.0673077 0.0251007
0 0.352394 0.730288 0.0638298 0.118269 0.0254974
0 0.405585 0.66875 0.081117 0.0855769 0.0307922
0 0.378324 0.735096 0.0505319 0.120192 0.0366516
0 0.485705 0.500962 0.0738032 0.0519231 0.827637
