0 0.46825 0.574519 0.0535 0.0817308 0.0103226
0 0.51475 0.589904 0.1055 0.135577 0.0125122
0 0.78425 0.328846 0.0425 0.0384615 0.0132675
0 0.47625 0.528846 0.0675 0.142308 0.0133591
0 0.5185 0.515865 0.041 0.102885 0.0134811
0 0.79925 0.406731 0.0415 0.0480769 0.0174255
0 0.599 0.325481 0.03 0.0240385 0.0273132
0 0.45675 0.624038 0.0585 0.0403846 0.0437927
0 0.46025 0.471154 0.0215 0.0788462 0.0551758
0 0.4245 0.372596 0.052 0.0471154 0.0566406
0 0.48025 0.596154 0.0415 0.0980769 0.0661621
0 0.5005 0.626442 0.086 0.0509615 0.122437
0 0.7315 0.432692 0.039 0.103846 0.48584
0 0.7235 0.329808 0.042 0.0461538 0.496826
0 0.518 0.505288 0.018 0.0913462 0.52832
