0 0.629918 0.619231 0.0795082 0.0423077 0.0113525
0 0.665984 0.710577 0.0959016 0.0711538 0.0117188
0 0.755738 0.630769 0.0754098 0.0480769 0.011879
0 0.708607 0.705288 0.097541 0.0548077 0.0120468
0 0.665164 0.691346 0.0762295 0.0346154 0.0133438
0 0.80041 0.654327 0.0778688 0.0567308 0.0141678
0 0.65 0.6125 0.0901639 0.0653846 0.0147629
0 0.617213 0.643269 0.0786885 0.0730769 0.0148315
0 0.803689 0.709615 0.0795082 0.0903846 0.0148697
0 0.605328 0.676442 0.0745902 0.0471154 0.0149918
0 0.718852 0.676923 0.0819672 0.0519231 0.0156403
0 0.67582 0.655769 0.0827869 0.0403846 0.0197601
0 0.770902 0.685577 0.109016 0.0711538 0.0214539
0 0.683607 0.688462 0.0983607 0.0538462 0.0220947
0 0.639754 0.740865 0.0762295 0.0355769 0.0445862
0 0.740164 0.6875 0.0819672 0.0442308 0.0757446
0 0.778689 0.64375 0.0737705 0.0394231 0.201782
0 0.716803 0.719231 0.0713115 0.0346154 0.284912
0 0.826639 0.684135 0.0319672 0.0990385 0.693848
