0 0.749625 0.566827 0.0713213 0.110577 0.0111465
0 0.734985 0.455288 0.0495495 0.0855769 0.0142593
0 0.778529 0.625 0.0570571 0.0769231 0.0158844
0 0.0690691 0.700481 0.0795796 0.0471154 0.0163727
0 0.122748 0.621154 0.0968468 0.0634615 0.0172729
0 0.433183 0.367788 0.0825826 0.0528846 0.0179901
0 0.39039 0.340385 0.0690691 0.0538462 0.0196533
0 0.713589 0.387981 0.0893393 0.0471154 0.0229645
0 0.397147 0.425962 0.0675676 0.0519231 0.0234375
0 0.779279 0.469712 0.0840841 0.0490385 0.0364075
0 0.750375 0.507212 0.0668168 0.0375 0.0489197
0 0.390015 0.443269 0.0683183 0.0461538 0.0968628
0 0.763889 0.613942 0.0698198 0.114423 0.135376
0 0.467718 0.501923 0.0960961 0.0730769 0.218872
