0 0.39625 0.457212 0.0195 0.0836538 0.0102692
0 0.419 0.508654 0.05 0.144231 0.0121689
0 0.10375 0.364423 0.0635 0.0576923 0.0136642
0 0.2805 0.404808 0.041 0.0769231 0.0141296
0 0.408 0.402404 0.071 0.0951923 0.0149918
0 0.05525 0.563942 0.0605 0.0432692 0.0169983
0 0.093 0.407212 0.067 0.143269 0.0204315
0 0.07925 0.439423 0.0245 0.101923 0.0230865
0 0.162 0.499038 0.061 0.0673077 0.0235748
0 0.0785 0.563462 0.091 0.0557692 0.0507507
0 0.144 0.482692 0.083 0.0903846 0.0621948
0 0.07075 0.396635 0.0355 0.135577 0.0650024
0 0.10725 0.572115 0.0705 0.0442308 0.069397
0 0.38925 0.451442 0.0165 0.0798077 0.108643
