0 0.525524 0.549038 0.0222513 0.0788462 0.0106049
0 0.265052 0.462019 0.0484293 0.0971154 0.0114059
0 0.554319 0.569231 0.0484293 0.121154 0.0117645
0 0.518325 0.455769 0.0929319 0.0557692 0.0141983
0 0.514725 0.498077 0.0700262 0.125 0.0151291
0 0.293194 0.571154 0.0431937 0.1 0.01651
0 0.518979 0.556731 0.0536649 0.128846 0.0177917
0 0.536976 0.579808 0.0517016 0.109615 0.0214996
0 0.553338 0.597596 0.0320681 0.100962 0.0236816
0 0.581806 0.589423 0.0248691 0.1 0.0455322
0 0.492147 0.773077 0.0314136 0.115385 0.108154
0 0.479058 0.769231 0.0510471 0.136538 0.335449
0 0.517016 0.559135 0.0314136 0.0990385 0.406982
