000180401015589 0.010 264.0 397.0 342.0 453.0
000180401015589 0.012 200.0 458.0 299.0 512.0
000180401015589 0.016 331.0 380.0 395.0 457.0
000180401015589 0.019 286.0 387.0 388.0 435.0
000180401015589 0.020 282.0 440.0 356.0 497.0
000180401015589 0.021 282.0 549.0 363.0 594.0
000180401015589 0.025 391.0 459.0 445.0 509.0
000180401015589 0.033 236.0 453.0 330.0 509.0
000180401015589 0.941 204.0 540.0 311.0 594.0
001235001027135 0.073 543.0 567.0 607.0 632.0
001235001027135 0.941 529.0 602.0 600.0 689.0
001235001027135 0.943 481.0 600.0 538.0 737.0
000113701014922 0.011 1431.0 576.0 1553.0 632.0
000113701014922 0.021 777.0 440.0 877.0 487.0
000113701014922 0.059 593.0 549.0 675.0 684.0
000113701014922 0.920 819.0 555.0 931.0 606.0
000738301021168 0.013 230.0 495.0 329.0 579.0
000738301021168 0.017 760.0 441.0 814.0 551.0
000738301021168 0.028 246.0 477.0 353.0 541.0
000738301021168 0.032 601.0 561.0 675.0 605.0
000738301021168 0.064 519.0 468.0 598.0 561.0
000738301021168 0.089 888.0 589.0 941.0 676.0
000738301021168 0.948 865.0 724.0 933.0 850.0
007231501032540 0.012 1042.0 593.0 1082.0 664.0
007231501032540 0.016 986.0 470.0 1040.0 553.0
007231501032540 0.017 1007.0 510.0 1081.0 635.0
007231501032540 0.020 903.0 564.0 991.0 642.0
007231501032540 0.071 750.0 524.0 804.0 564.0
007231501032540 0.088 413.0 543.0 451.0 627.0
007277301033028 0.021 -0.0 440.0 11.0 558.0
007277301033028 0.039 -0.0 492.0 13.0 626.0
007277301033028 0.057 235.0 572.0 321.0 704.0
007277301033028 0.806 410.0 563.0 524.0 622.0
007727901033152 0.010 83.0 687.0 178.0 763.0
007727901033152 0.012 102.0 749.0 239.0 840.0
007727901033152 0.057 302.0 689.0 370.0 811.0
007727901033152 0.060 143.0 760.0 284.0 831.0
007727901033152 0.177 318.0 701.0 352.0 811.0
007727901033152 0.767 14.0 667.0 69.0 794.0
000657301020358 0.036 158.0 670.0 256.0 727.0
000657301020358 0.325 98.0 602.0 202.0 662.0
000657301020358 0.916 162.0 605.0 263.0 667.0
007457101030444 0.012 113.0 587.0 242.0 636.0
007457101030444 0.058 355.0 673.0 409.0 769.0
001084801025633 0.013 480.0 591.0 586.0 689.0
001084801025633 0.014 736.0 523.0 824.0 623.0
001084801025633 0.020 688.0 505.0 786.0 579.0
001084801025633 0.088 820.0 647.0 993.0 727.0
001084801025633 0.935 827.0 576.0 964.0 655.0
000335001017135 0.012 12.0 462.0 79.0 606.0
000335001017135 0.016 10.0 475.0 78.0 527.0
000335001017135 0.052 145.0 685.0 233.0 775.0
000335001017135 0.945 38.0 738.0 163.0 843.0
007067601030820 0.624 166.0 486.0 223.0 592.0
000495801018743 0.014 434.0 563.0 464.0 657.0
000495801018743 0.024 297.0 619.0 368.0 663.0
000495801018743 0.938 480.0 594.0 524.0 718.0
007288301033149 0.012 755.0 521.0 825.0 669.0
006715401010955 0.012 208.0 660.0 251.0 748.0
006715401010955 0.014 441.0 389.0 543.0 448.0
006715401010955 0.030 490.0 513.0 556.0 588.0
006715401010955 0.097 472.0 439.0 555.0 481.0
006715401010955 0.751 363.0 390.0 473.0 445.0
000132801015113 0.012 1064.0 733.0 1099.0 815.0
000132801015113 0.907 1429.0 402.0 1512.0 475.0
000776201021547 0.948 181.0 727.0 260.0 834.0
001111101025896 0.933 188.0 529.0 288.0 605.0
001111101025896 0.944 104.0 536.0 219.0 598.0
007380601034117 0.012 752.0 433.0 839.0 552.0
007380601034117 0.012 107.0 528.0 176.0 625.0
007380601034117 0.013 361.0 623.0 530.0 715.0
007380601034117 0.013 299.0 539.0 348.0 622.0
007380601034117 0.014 747.0 464.0 828.0 612.0
007380601034117 0.862 360.0 647.0 463.0 714.0
006988101035284 0.813 684.0 574.0 739.0 696.0
001142601026211 0.039 241.0 388.0 350.0 440.0
001142601026211 0.929 149.0 386.0 255.0 437.0
000201301015798 0.016 244.0 636.0 338.0 679.0
000201301015798 0.021 292.0 640.0 372.0 675.0
000201301015798 0.944 413.0 727.0 476.0 857.0
000853201022317 0.012 290.0 534.0 396.0 602.0
000853201022317 0.013 808.0 453.0 903.0 524.0
000853201022317 0.018 285.0 545.0 360.0 636.0
000853201022317 0.046 327.0 681.0 407.0 729.0
000853201022317 0.068 300.0 451.0 411.0 509.0
000853201022317 0.953 701.0 725.0 814.0 787.0
006848801033891 0.010 440.0 619.0 510.0 720.0
006848801033891 0.016 336.0 449.0 415.0 580.0
006848801033891 0.016 342.0 459.0 422.0 524.0
006848801033891 0.022 471.0 578.0 543.0 638.0
006848801033891 0.159 387.0 444.0 475.0 480.0
006848801033891 0.541 328.0 472.0 382.0 582.0
007870701029668 0.015 743.0 705.0 914.0 822.0
007870701029668 0.869 1124.0 320.0 1239.0 372.0
007138601031555 0.011 721.0 468.0 807.0 546.0
007138601031555 0.014 671.0 570.0 750.0 680.0
007138601031555 0.015 851.0 486.0 924.0 595.0
007138601031555 0.024 838.0 560.0 933.0 611.0
007138601031555 0.031 676.0 522.0 740.0 628.0
000275701016542 0.012 652.0 483.0 713.0 537.0
000275701016542 0.014 522.0 508.0 620.0 579.0
000275701016542 0.019 560.0 428.0 628.0 466.0
000275701016542 0.026 660.0 540.0 758.0 617.0
000275701016542 0.944 714.0 426.0 786.0 492.0
006700701032410 0.012 921.0 362.0 1004.0 405.0
006700701032410 0.013 1154.0 328.0 1230.0 381.0
006700701032410 0.016 993.0 527.0 1105.0 575.0
006700701032410 0.019 1152.0 455.0 1196.0 524.0
006700701032410 0.021 1125.0 431.0 1180.0 497.0
006700701032410 0.021 1165.0 469.0 1210.0 567.0
006700701032410 0.030 888.0 530.0 1014.0 589.0
006700701032410 0.042 832.0 433.0 927.0 477.0
006700701032410 0.055 1140.0 485.0 1207.0 609.0
006700701032410 0.066 1078.0 378.0 1153.0 486.0
006837301033776 0.012 54.0 389.0 142.0 438.0
006837301033776 0.017 80.0 699.0 124.0 793.0
006837301033776 0.018 111.0 433.0 234.0 498.0
006837301033776 0.020 379.0 728.0 471.0 771.0
006837301033776 0.092 224.0 401.0 267.0 479.0
006837301033776 0.170 129.0 601.0 168.0 689.0
006837301033776 0.529 63.0 395.0 126.0 426.0
006837301033776 0.734 487.0 716.0 597.0 769.0
007292501033193 0.010 122.0 349.0 234.0 510.0
007292501033193 0.010 105.0 352.0 177.0 439.0
007292501033193 0.011 1451.0 389.0 1552.0 498.0
007292501033193 0.011 135.0 471.0 329.0 602.0
007292501033193 0.018 85.0 345.0 190.0 482.0
007292501033193 0.036 140.0 404.0 186.0 508.0
007292501033193 0.041 166.0 442.0 398.0 576.0
007292501033193 0.136 686.0 600.0 789.0 643.0
000350901017294 0.011 884.0 414.0 967.0 482.0
000350901017294 0.936 346.0 522.0 463.0 570.0
006674201032145 0.742 351.0 608.0 465.0 660.0
006703201032435 0.030 700.0 691.0 818.0 763.0
006703201032435 0.116 829.0 498.0 926.0 541.0
006703201032435 0.861 800.0 790.0 900.0 856.0
006999301030098 0.018 88.0 479.0 190.0 562.0
006999301030098 0.033 152.0 473.0 240.0 560.0
006999301030098 0.530 136.0 480.0 214.0 596.0
000854001022325 0.947 520.0 752.0 591.0 893.0
007055901030697 0.010 362.0 415.0 454.0 478.0
007055901030697 0.011 204.0 397.0 311.0 450.0
007055901030697 0.013 475.0 591.0 539.0 689.0
007055901030697 0.016 457.0 635.0 529.0 677.0
007055901030697 0.016 397.0 585.0 487.0 633.0
007055901030697 0.017 424.0 591.0 522.0 636.0
007055901030697 0.017 229.0 489.0 306.0 552.0
007055901030697 0.037 407.0 566.0 528.0 625.0
007055901030697 0.705 264.0 431.0 362.0 474.0
001061001025395 0.937 388.0 543.0 508.0 617.0
007197501032180 0.011 206.0 642.0 284.0 713.0
007197501032180 0.011 341.0 591.0 428.0 658.0
007197501032180 0.011 466.0 661.0 533.0 753.0
007197501032180 0.015 220.0 570.0 249.0 624.0
007197501032180 0.017 448.0 693.0 495.0 794.0
007197501032180 0.020 431.0 676.0 480.0 772.0
007197501032180 0.025 608.0 459.0 663.0 506.0
007197501032180 0.039 310.0 616.0 413.0 661.0
007197501032180 0.079 236.0 518.0 284.0 623.0
006504701028008 0.011 143.0 592.0 240.0 635.0
006504701028008 0.793 122.0 556.0 240.0 634.0
000520001018985 0.013 1827.0 508.0 1979.0 643.0
000520001018985 0.931 514.0 546.0 632.0 637.0
006651001031913 0.010 1253.0 551.0 1321.0 690.0
006651001031913 0.017 1369.0 575.0 1544.0 679.0
006651001031913 0.023 254.0 408.0 394.0 470.0
006651001031913 0.026 981.0 669.0 1091.0 796.0
006651001031913 0.763 1381.0 600.0 1501.0 666.0
000127401015059 0.013 0.0 470.0 31.0 537.0
000127401015059 0.950 1375.0 478.0 1452.0 565.0
006934601034749 0.736 902.0 475.0 956.0 579.0
006696401032367 0.019 107.0 463.0 198.0 553.0
006696401032367 0.026 418.0 578.0 478.0 685.0
006696401032367 0.841 257.0 542.0 369.0 597.0
000500501018790 0.013 313.0 587.0 397.0 648.0
000500501018790 0.015 183.0 537.0 229.0 608.0
000500501018790 0.016 224.0 591.0 283.0 709.0
000500501018790 0.016 234.0 487.0 300.0 571.0
000500501018790 0.021 172.0 417.0 222.0 482.0
000500501018790 0.940 234.0 434.0 304.0 524.0
007814601029107 0.104 226.0 524.0 266.0 629.0
007814601029107 0.367 215.0 551.0 260.0 656.0
006562401009425 0.013 1565.0 579.0 1655.0 616.0
006562401009425 0.022 1560.0 571.0 1682.0 638.0
006562401009425 0.023 1498.0 588.0 1616.0 633.0
006562401009425 0.694 438.0 560.0 572.0 629.0
007841501029376 0.010 445.0 521.0 506.0 569.0
007841501029376 0.019 316.0 533.0 354.0 592.0
007841501029376 0.026 395.0 445.0 449.0 547.0
007841501029376 0.743 411.0 517.0 531.0 578.0
001111901025904 0.017 965.0 641.0 1062.0 689.0
001111901025904 0.018 737.0 467.0 838.0 568.0
001111901025904 0.034 449.0 594.0 492.0 663.0
001111901025904 0.046 919.0 615.0 1076.0 692.0
001111901025904 0.067 510.0 516.0 565.0 618.0
001111901025904 0.935 510.0 577.0 557.0 660.0
000341501017200 0.010 284.0 401.0 363.0 530.0
000341501017200 0.011 400.0 457.0 482.0 565.0
000341501017200 0.011 230.0 539.0 308.0 597.0
000341501017200 0.028 405.0 380.0 481.0 480.0
000341501017200 0.066 511.0 479.0 565.0 542.0
000341501017200 0.942 473.0 431.0 544.0 516.0
000341501017200 0.949 357.0 378.0 438.0 502.0
008002701030988 0.850 245.0 400.0 320.0 504.0
001373001028515 0.059 395.0 625.0 462.0 738.0
001373001028515 0.163 337.0 563.0 399.0 672.0
001373001028515 0.947 392.0 559.0 464.0 686.0
000815601021941 0.189 416.0 633.0 474.0 755.0
000815601021941 0.930 349.0 489.0 395.0 592.0
000294101016726 0.017 93.0 696.0 241.0 769.0
000294101016726 0.033 139.0 681.0 227.0 729.0
000294101016726 0.943 82.0 536.0 152.0 645.0
000336701017152 0.015 193.0 678.0 295.0 728.0
000336701017152 0.934 78.0 714.0 196.0 767.0
007995901030920 0.434 762.0 551.0 888.0 622.0
007995901030920 0.761 736.0 509.0 805.0 582.0
006647401031877 0.044 35.0 628.0 112.0 739.0
006647401031877 0.393 810.0 518.0 877.0 596.0
006904801034451 0.010 865.0 437.0 1009.0 672.0
006904801034451 0.010 846.0 433.0 959.0 604.0
006904801034451 0.012 1414.0 315.0 1500.0 360.0
006904801034451 0.014 899.0 497.0 951.0 611.0
006904801034451 0.016 1427.0 380.0 1508.0 526.0
006904801034451 0.018 893.0 437.0 985.0 516.0
006904801034451 0.018 827.0 553.0 967.0 610.0
006904801034451 0.021 1168.0 321.0 1242.0 357.0
006904801034451 0.026 1383.0 320.0 1483.0 370.0
006904801034451 0.032 903.0 465.0 980.0 660.0
006904801034451 0.033 727.0 560.0 800.0 669.0
006904801034451 0.067 920.0 571.0 972.0 683.0
006904801034451 0.122 1650.0 348.0 1725.0 424.0
006904801034451 0.123 896.0 446.0 946.0 545.0
006904801034451 0.148 1447.0 403.0 1498.0 503.0
006836901033772 0.029 955.0 524.0 997.0 590.0
000924801023033 0.013 98.0 720.0 197.0 773.0
000924801023033 0.016 305.0 611.0 374.0 707.0
000924801023033 0.034 101.0 723.0 164.0 824.0
000924801023033 0.080 272.0 642.0 326.0 715.0
000924801023033 0.247 246.0 637.0 311.0 734.0
000924801023033 0.956 141.0 586.0 208.0 676.0
006523601028197 0.024 554.0 702.0 611.0 808.0
006523601028197 0.031 376.0 553.0 455.0 595.0
006523601028197 0.033 341.0 582.0 392.0 686.0
006523601028197 0.844 226.0 451.0 289.0 559.0
007160401031788 0.222 191.0 674.0 319.0 740.0
007160401031788 0.849 205.0 653.0 324.0 714.0
007132201031488 0.010 275.0 749.0 404.0 815.0
007132201031488 0.047 116.0 699.0 193.0 792.0
007132201031488 0.664 220.0 584.0 302.0 647.0
001179401026579 0.944 218.0 671.0 357.0 724.0
007520101031074 0.014 905.0 538.0 1028.0 583.0
007520101031074 0.017 139.0 618.0 257.0 691.0
007520101031074 0.019 810.0 556.0 940.0 621.0
007520101031074 0.052 534.0 464.0 607.0 574.0
007520101031074 0.781 1670.0 363.0 1771.0 412.0
000365201017437 0.012 37.0 501.0 133.0 605.0
000365201017437 0.012 1321.0 509.0 1417.0 562.0
000365201017437 0.032 1407.0 445.0 1493.0 503.0
000365201017437 0.051 913.0 480.0 1016.0 545.0
000365201017437 0.060 1079.0 511.0 1141.0 606.0
000365201017437 0.913 1466.0 438.0 1561.0 499.0
006847401033877 0.013 1133.0 531.0 1205.0 632.0
006847401033877 0.034 1082.0 712.0 1161.0 747.0
006847401033877 0.040 1132.0 509.0 1202.0 588.0
006847401033877 0.608 716.0 668.0 775.0 781.0
000495701018742 0.016 196.0 643.0 347.0 726.0
000495701018742 0.017 250.0 545.0 319.0 606.0
000495701018742 0.939 213.0 754.0 333.0 815.0
006705901032462 0.015 456.0 492.0 532.0 555.0
006705901032462 0.025 294.0 448.0 384.0 482.0
006705901032462 0.034 277.0 436.0 404.0 498.0
006705901032462 0.855 413.0 673.0 538.0 735.0
001315401027939 0.024 1767.0 571.0 1870.0 613.0
001315401027939 0.030 1724.0 545.0 1861.0 593.0
001315401027939 0.910 1747.0 359.0 1899.0 406.0
000430901018094 0.011 302.0 495.0 374.0 591.0
000430901018094 0.013 838.0 582.0 921.0 646.0
000430901018094 0.017 97.0 367.0 152.0 485.0
000430901018094 0.025 335.0 597.0 409.0 687.0
000430901018094 0.940 796.0 354.0 866.0 429.0
000366401017449 0.011 1036.0 394.0 1111.0 484.0
000366401017449 0.016 321.0 482.0 406.0 644.0
000366401017449 0.514 944.0 473.0 1032.0 516.0
000366401017449 0.936 881.0 463.0 986.0 511.0
007472401030597 0.319 74.0 498.0 118.0 589.0
006977301035176 0.010 377.0 547.0 471.0 605.0
006977301035176 0.051 217.0 404.0 318.0 452.0
001084201025627 0.013 234.0 816.0 337.0 864.0
001084201025627 0.014 100.0 704.0 181.0 810.0
001084201025627 0.039 214.0 728.0 304.0 825.0
001084201025627 0.938 206.0 631.0 331.0 713.0
001084201025627 0.942 117.0 618.0 186.0 736.0
001084201025627 0.960 216.0 548.0 345.0 641.0
001167301026458 0.926 73.0 482.0 122.0 592.0
007159701031781 0.010 694.0 606.0 753.0 671.0
007159701031781 0.010 772.0 582.0 857.0 683.0
007159701031781 0.012 874.0 673.0 984.0 731.0
007159701031781 0.013 862.0 723.0 952.0 774.0
007159701031781 0.013 708.0 681.0 816.0 734.0
007159701031781 0.015 921.0 637.0 1032.0 723.0
007159701031781 0.015 808.0 686.0 919.0 754.0
007159701031781 0.016 749.0 732.0 840.0 785.0
007159701031781 0.017 924.0 716.0 958.0 792.0
007159701031781 0.021 828.0 731.0 913.0 763.0
007159701031781 0.023 887.0 643.0 998.0 705.0
007159701031781 0.032 689.0 696.0 779.0 742.0
007159701031781 0.033 757.0 699.0 850.0 740.0
007159701031781 0.044 907.0 652.0 981.0 693.0
007159701031781 0.586 988.0 651.0 1032.0 770.0
006486001008661 0.010 807.0 429.0 848.0 484.0
006486001008661 0.011 807.0 399.0 875.0 483.0
006486001008661 0.011 245.0 518.0 321.0 596.0
006486001008661 0.020 122.0 541.0 230.0 610.0
006486001008661 0.028 142.0 530.0 268.0 590.0
006486001008661 0.846 92.0 752.0 147.0 874.0
007728501033158 0.010 262.0 615.0 317.0 697.0
007728501033158 0.013 158.0 687.0 279.0 758.0
007728501033158 0.014 199.0 582.0 266.0 616.0
007728501033158 0.019 253.0 593.0 287.0 669.0
007728501033158 0.045 74.0 665.0 214.0 736.0
007728501033158 0.715 322.0 635.0 361.0 759.0
007083101030979 0.870 319.0 545.0 387.0 668.0
001238101027166 0.011 118.0 605.0 239.0 650.0
001238101027166 0.014 41.0 667.0 145.0 730.0
001238101027166 0.024 66.0 554.0 153.0 628.0
001238101027166 0.068 0.0 638.0 61.0 720.0
001238101027166 0.934 2.0 558.0 72.0 637.0
001162201026407 0.013 1521.0 579.0 1645.0 651.0
001162201026407 0.014 722.0 694.0 798.0 838.0
001162201026407 0.017 871.0 612.0 986.0 839.0
001162201026407 0.019 663.0 754.0 755.0 853.0
001162201026407 0.030 1412.0 414.0 1511.0 470.0
001162201026407 0.939 779.0 672.0 863.0 833.0
007755401033427 0.011 1161.0 496.0 1258.0 565.0
007755401033427 0.012 1296.0 426.0 1445.0 507.0
007755401033427 0.012 1179.0 545.0 1246.0 664.0
007755401033427 0.012 1676.0 557.0 1821.0 631.0
007755401033427 0.013 1723.0 630.0 1810.0 678.0
007755401033427 0.016 1170.0 508.0 1254.0 621.0
007755401033427 0.019 476.0 388.0 612.0 571.0
007755401033427 0.021 1686.0 600.0 1812.0 672.0
007755401033427 0.023 1246.0 414.0 1470.0 544.0
007755401033427 0.026 1658.0 561.0 1768.0 615.0
007755401033427 0.288 1691.0 577.0 1797.0 622.0
007755401033427 0.791 1588.0 706.0 1677.0 772.0
007432601030199 0.010 207.0 688.0 259.0 771.0
007432601030199 0.011 204.0 673.0 281.0 743.0
007432601030199 0.147 163.0 686.0 257.0 755.0
007432601030199 0.513 241.0 631.0 325.0 675.0
006456301027524 0.013 0.0 612.0 38.0 748.0
006456301027524 0.020 1643.0 618.0 1777.0 681.0
006456301027524 0.935 600.0 725.0 709.0 793.0
000024501014030 0.013 106.0 327.0 140.0 366.0
000024501014030 0.941 68.0 575.0 118.0 670.0
001085201025637 0.026 559.0 716.0 668.0 770.0
001085201025637 0.941 957.0 412.0 1041.0 508.0
006604301031446 0.011 1656.0 411.0 1750.0 449.0
006604301031446 0.012 1334.0 521.0 1446.0 579.0
006604301031446 0.013 1055.0 617.0 1121.0 754.0
006604301031446 0.013 1370.0 406.0 1468.0 535.0
006604301031446 0.013 1358.0 540.0 1436.0 568.0
006604301031446 0.026 1307.0 545.0 1378.0 576.0
006604301031446 0.029 1351.0 544.0 1455.0 587.0
006604301031446 0.122 1321.0 538.0 1413.0 570.0
007461201030485 0.016 381.0 497.0 448.0 577.0
007461201030485 0.841 429.0 601.0 482.0 740.0
001111701025902 0.944 278.0 488.0 347.0 606.0
000416901017954 0.011 997.0 552.0 1044.0 628.0
000416901017954 0.932 694.0 555.0 741.0 653.0
000348901017274 0.019 222.0 583.0 327.0 643.0
000348901017274 0.028 213.0 481.0 324.0 546.0
000348901017274 0.035 273.0 454.0 363.0 508.0
000348901017274 0.928 272.0 483.0 374.0 543.0
000998601023771 0.011 385.0 570.0 449.0 667.0
000998601023771 0.946 225.0 460.0 337.0 537.0
000255801016343 0.011 1056.0 443.0 1204.0 516.0
000255801016343 0.011 641.0 404.0 745.0 589.0
000255801016343 0.011 698.0 480.0 865.0 586.0
000255801016343 0.012 737.0 577.0 860.0 651.0
000255801016343 0.012 73.0 781.0 175.0 849.0
000255801016343 0.033 781.0 546.0 887.0 615.0
000255801016343 0.955 66.0 581.0 180.0 651.0
000645001020235 0.015 162.0 395.0 247.0 436.0
000645001020235 0.029 317.0 645.0 403.0 751.0
000645001020235 0.934 313.0 405.0 408.0 449.0
000342001017205 0.015 1556.0 585.0 1640.0 707.0
000342001017205 0.019 1534.0 560.0 1606.0 678.0
000342001017205 0.948 1712.0 538.0 1787.0 669.0
000617801019963 0.023 425.0 487.0 500.0 586.0
000617801019963 0.953 1222.0 613.0 1344.0 693.0
006945401034857 0.010 955.0 724.0 1085.0 817.0
006945401034857 0.019 1979.0 505.0 1998.0 560.0
006945401034857 0.020 1982.0 475.0 2000.0 546.0
006945401034857 0.230 896.0 714.0 961.0 859.0
006945401034857 0.646 791.0 689.0 911.0 753.0
007988301030844 0.021 783.0 590.0 870.0 648.0
007988301030844 0.074 764.0 534.0 800.0 622.0
007988301030844 0.095 352.0 435.0 441.0 555.0
007988301030844 0.160 1169.0 629.0 1293.0 702.0
007988301030844 0.748 714.0 722.0 761.0 862.0
006948201034885 0.011 462.0 418.0 571.0 527.0
006948201034885 0.011 168.0 584.0 306.0 670.0
006948201034885 0.013 473.0 600.0 562.0 735.0
006948201034885 0.018 522.0 564.0 569.0 703.0
006948201034885 0.035 488.0 425.0 571.0 483.0
006948201034885 0.256 501.0 622.0 548.0 709.0
007704801032921 0.030 1791.0 527.0 1840.0 631.0
007704801032921 0.032 364.0 561.0 511.0 622.0
007704801032921 0.036 594.0 513.0 677.0 641.0
007704801032921 0.051 558.0 495.0 630.0 593.0
006592101009722 0.010 1269.0 470.0 1339.0 576.0
006592101009722 0.013 1280.0 525.0 1351.0 647.0
006592101009722 0.015 1784.0 578.0 1843.0 705.0
006592101009722 0.016 1943.0 545.0 2000.0 625.0
006592101009722 0.026 1798.0 508.0 1882.0 598.0
006592101009722 0.031 1383.0 681.0 1521.0 736.0
006592101009722 0.092 1898.0 572.0 1990.0 629.0
006592101009722 0.860 688.0 389.0 811.0 446.0
007030201030421 0.011 540.0 520.0 653.0 580.0
007030201030421 0.012 823.0 385.0 909.0 465.0
007030201030421 0.033 889.0 370.0 1002.0 446.0
007030201030421 0.399 54.0 408.0 179.0 526.0
007030201030421 0.731 856.0 513.0 908.0 608.0
007738401033257 0.018 587.0 586.0 699.0 653.0
007738401033257 0.019 141.0 649.0 181.0 698.0
007738401033257 0.021 264.0 767.0 371.0 823.0
007738401033257 0.044 119.0 509.0 181.0 612.0
007738401033257 0.044 840.0 635.0 904.0 716.0
007738401033257 0.780 635.0 483.0 748.0 556.0
006946101034864 0.013 207.0 508.0 274.0 581.0
006946101034864 0.015 301.0 667.0 378.0 759.0
006946101034864 0.017 188.0 604.0 248.0 672.0
006946101034864 0.022 209.0 618.0 262.0 683.0
001222201027007 0.901 298.0 384.0 404.0 426.0
007066901030812 0.012 853.0 477.0 933.0 544.0
007066901030812 0.013 970.0 331.0 1064.0 510.0
007066901030812 0.017 1673.0 524.0 1718.0 619.0
007066901030812 0.026 205.0 618.0 259.0 687.0
007066901030812 0.036 73.0 577.0 120.0 654.0
007066901030812 0.287 1691.0 514.0 1738.0 608.0
007515901031032 0.010 113.0 483.0 169.0 570.0
007515901031032 0.011 390.0 449.0 473.0 563.0
007515901031032 0.015 299.0 485.0 405.0 537.0
007515901031032 0.793 429.0 440.0 483.0 548.0
000571801019503 0.014 1519.0 507.0 1669.0 557.0
000571801019503 0.020 949.0 413.0 1048.0 468.0
000571801019503 0.736 1498.0 502.0 1591.0 556.0
000571801019503 0.896 1455.0 524.0 1551.0 586.0
000571801019503 0.916 1604.0 507.0 1688.0 549.0
007209101032300 0.015 994.0 559.0 1051.0 650.0
007209101032300 0.017 1003.0 364.0 1086.0 420.0
007209101032300 0.033 1632.0 638.0 1743.0 699.0
007209101032300 0.041 887.0 592.0 1029.0 671.0
007209101032300 0.197 503.0 792.0 605.0 862.0
000324501017030 0.012 211.0 559.0 306.0 613.0
000324501017030 0.057 173.0 564.0 280.0 619.0
000324501017030 0.939 781.0 543.0 865.0 646.0
000214101015926 0.942 1588.0 650.0 1675.0 756.0
007076401030911 0.016 162.0 527.0 208.0 611.0
007076401030911 0.030 246.0 532.0 296.0 591.0
007076401030911 0.787 233.0 413.0 299.0 508.0
006497801008779 0.888 147.0 470.0 287.0 532.0
007717201033045 0.015 255.0 510.0 330.0 600.0
007717201033045 0.022 301.0 482.0 350.0 588.0
007717201033045 0.048 38.0 643.0 119.0 694.0
007717201033045 0.075 211.0 474.0 260.0 541.0
007717201033045 0.121 326.0 492.0 377.0 617.0
000722801021013 0.940 232.0 872.0 340.0 931.0
000843201022217 0.013 236.0 564.0 292.0 638.0
000843201022217 0.016 481.0 767.0 600.0 806.0
000843201022217 0.017 587.0 533.0 622.0 599.0
000843201022217 0.942 480.0 603.0 536.0 677.0
006516701028128 0.018 642.0 462.0 694.0 519.0
006516701028128 0.022 741.0 556.0 831.0 601.0
006516701028128 0.772 866.0 269.0 990.0 359.0
000609601019881 0.950 398.0 580.0 488.0 670.0
007746001033333 0.012 251.0 435.0 365.0 524.0
007746001033333 0.013 303.0 494.0 406.0 572.0
007746001033333 0.018 449.0 499.0 524.0 542.0
007746001033333 0.019 237.0 411.0 366.0 480.0
007746001033333 0.024 284.0 487.0 386.0 543.0
007746001033333 0.030 348.0 475.0 420.0 546.0
007746001033333 0.038 335.0 506.0 430.0 563.0
007746001033333 0.795 234.0 415.0 320.0 456.0
000028901014074 0.019 331.0 623.0 423.0 716.0
000028901014074 0.922 161.0 580.0 202.0 685.0
006651101031914 0.011 980.0 545.0 1064.0 603.0
006651101031914 0.012 292.0 499.0 377.0 605.0
006651101031914 0.014 947.0 515.0 1053.0 591.0
006651101031914 0.014 1009.0 489.0 1084.0 582.0
006651101031914 0.018 375.0 444.0 463.0 512.0
006651101031914 0.020 941.0 456.0 1007.0 565.0
006651101031914 0.027 860.0 538.0 973.0 674.0
006651101031914 0.046 1079.0 566.0 1156.0 703.0
007103801031193 0.015 329.0 685.0 418.0 758.0
007103801031193 0.020 329.0 644.0 392.0 726.0
007103801031193 0.032 286.0 478.0 361.0 587.0
007103801031193 0.061 347.0 663.0 410.0 740.0
007198001032185 0.041 940.0 332.0 1022.0 399.0
007198001032185 0.589 257.0 477.0 370.0 571.0
000496701018752 0.010 462.0 548.0 580.0 636.0
000496701018752 0.930 456.0 670.0 590.0 734.0
006619401009995 0.010 410.0 714.0 449.0 783.0
006619401009995 0.011 486.0 505.0 598.0 617.0
006619401009995 0.014 803.0 585.0 969.0 661.0
006619401009995 0.014 877.0 438.0 936.0 506.0
006619401009995 0.015 479.0 733.0 594.0 819.0
006619401009995 0.019 512.0 522.0 624.0 591.0
006619401009995 0.025 487.0 551.0 560.0 720.0
006619401009995 0.027 571.0 763.0 677.0 863.0
006619401009995 0.045 474.0 478.0 639.0 559.0
006619401009995 0.772 669.0 495.0 788.0 546.0
000127501015060 0.015 961.0 614.0 1011.0 698.0
000127501015060 0.025 992.0 586.0 1068.0 714.0
000127501015060 0.946 431.0 474.0 488.0 577.0
000198401015769 0.010 28.0 718.0 73.0 796.0
000198401015769 0.013 67.0 628.0 144.0 720.0
000198401015769 0.964 210.0 435.0 321.0 504.0
000351101017296 0.948 253.0 594.0 372.0 647.0
006928501034688 0.011 421.0 478.0 507.0 540.0
006928501034688 0.011 441.0 549.0 540.0 629.0
006928501034688 0.012 226.0 637.0 301.0 705.0
006928501034688 0.012 424.0 583.0 483.0 651.0
006928501034688 0.012 364.0 575.0 426.0 660.0
006928501034688 0.013 392.0 614.0 486.0 681.0
006928501034688 0.015 273.0 581.0 364.0 667.0
006928501034688 0.016 343.0 620.0 432.0 680.0
006928501034688 0.016 367.0 637.0 473.0 689.0
006928501034688 0.019 194.0 594.0 303.0 690.0
006928501034688 0.022 252.0 617.0 336.0 674.0
006928501034688 0.022 444.0 483.0 531.0 567.0
006928501034688 0.022 410.0 462.0 468.0 510.0
006928501034688 0.023 451.0 609.0 546.0 664.0
006928501034688 0.031 200.0 668.0 287.0 707.0
006928501034688 0.033 250.0 591.0 289.0 660.0
006928501034688 0.077 275.0 630.0 367.0 678.0
006771601033119 0.125 169.0 590.0 236.0 644.0
006771601033119 0.378 1480.0 736.0 1588.0 790.0
006771601033119 0.707 1467.0 730.0 1626.0 815.0
000844501022230 0.939 96.0 513.0 204.0 587.0
007768001033553 0.016 345.0 626.0 453.0 697.0
007768001033553 0.018 47.0 458.0 135.0 507.0
007768001033553 0.036 195.0 601.0 328.0 660.0
006650601031909 0.010 719.0 506.0 805.0 565.0
006650601031909 0.012 828.0 372.0 918.0 462.0
006650601031909 0.012 743.0 545.0 826.0 613.0
006650601031909 0.012 826.0 486.0 899.0 560.0
006650601031909 0.013 822.0 449.0 893.0 523.0
006650601031909 0.015 742.0 503.0 848.0 581.0
006650601031909 0.017 698.0 571.0 782.0 721.0
006650601031909 0.017 844.0 456.0 913.0 549.0
006650601031909 0.022 709.0 467.0 802.0 522.0
006650601031909 0.023 810.0 369.0 911.0 421.0
006650601031909 0.051 693.0 523.0 791.0 598.0
006650601031909 0.618 905.0 541.0 946.0 658.0
006860201034005 0.017 242.0 359.0 334.0 416.0
006860201034005 0.019 186.0 394.0 342.0 485.0
006860201034005 0.020 167.0 436.0 266.0 514.0
006860201034005 0.029 222.0 427.0 333.0 496.0
006860201034005 0.241 223.0 379.0 318.0 446.0
007468901030562 0.010 1652.0 488.0 1798.0 578.0
007468901030562 0.011 1842.0 443.0 1989.0 516.0
007468901030562 0.018 1834.0 444.0 1918.0 504.0
007468901030562 0.077 893.0 631.0 933.0 733.0
007126601031428 0.011 503.0 587.0 571.0 624.0
007126601031428 0.863 365.0 519.0 424.0 591.0
001243701027222 0.011 630.0 464.0 724.0 597.0
001243701027222 0.013 673.0 482.0 732.0 603.0
001243701027222 0.945 723.0 567.0 793.0 690.0
001177901026564 0.035 204.0 680.0 314.0 725.0
001177901026564 0.928 188.0 709.0 306.0 762.0
006556501028526 0.239 1818.0 490.0 1868.0 615.0
007832201029283 0.012 1016.0 561.0 1072.0 655.0
007832201029283 0.012 162.0 656.0 210.0 769.0
007832201029283 0.025 1470.0 345.0 1612.0 403.0
007832201029283 0.027 181.0 675.0 218.0 769.0
007832201029283 0.044 1549.0 315.0 1638.0 374.0
007832201029283 0.090 1447.0 363.0 1545.0 410.0
007832201029283 0.533 1509.0 542.0 1568.0 659.0
007886501029826 0.014 640.0 789.0 803.0 870.0
007886501029826 0.014 393.0 661.0 471.0 694.0
007886501029826 0.020 809.0 723.0 933.0 804.0
007886501029826 0.742 247.0 650.0 357.0 694.0
006543701028398 0.016 725.0 466.0 810.0 547.0
006543701028398 0.763 757.0 439.0 836.0 544.0
001342201028207 0.011 161.0 537.0 302.0 647.0
001342201028207 0.937 419.0 460.0 552.0 501.0
001382601028611 0.949 28.0 653.0 134.0 816.0
006970801035111 0.011 1228.0 332.0 1318.0 391.0
006970801035111 0.011 199.0 476.0 278.0 520.0
006970801035111 0.011 1331.0 320.0 1464.0 398.0
006970801035111 0.011 357.0 392.0 510.0 491.0
006970801035111 0.012 1200.0 313.0 1398.0 400.0
006970801035111 0.016 341.0 397.0 463.0 541.0
006970801035111 0.016 102.0 511.0 204.0 555.0
006970801035111 0.016 249.0 451.0 392.0 512.0
006970801035111 0.017 1354.0 310.0 1433.0 355.0
006970801035111 0.018 715.0 602.0 773.0 665.0
006970801035111 0.022 687.0 601.0 736.0 661.0
006970801035111 0.023 1339.0 322.0 1422.0 371.0
006970801035111 0.023 401.0 585.0 507.0 720.0
006970801035111 0.024 119.0 738.0 227.0 788.0
006970801035111 0.153 380.0 421.0 447.0 539.0
007325601033545 0.011 316.0 452.0 367.0 522.0
007325601033545 0.012 1086.0 508.0 1135.0 635.0
007325601033545 0.015 307.0 459.0 440.0 540.0
007325601033545 0.064 423.0 553.0 509.0 628.0
007325601033545 0.615 1080.0 500.0 1124.0 591.0
007325601033545 0.901 1503.0 486.0 1604.0 555.0
006605501031458 0.010 921.0 498.0 1070.0 606.0
006605501031458 0.011 1098.0 466.0 1194.0 522.0
006605501031458 0.015 962.0 550.0 1039.0 648.0
006605501031458 0.015 1939.0 488.0 1999.0 535.0
006605501031458 0.030 947.0 546.0 1015.0 620.0
006605501031458 0.043 1017.0 475.0 1094.0 579.0
006605501031458 0.093 926.0 528.0 998.0 599.0
006605501031458 0.133 902.0 531.0 956.0 602.0
006605501031458 0.212 892.0 503.0 963.0 573.0
006605501031458 0.837 827.0 472.0 932.0 522.0
001225501027040 0.012 867.0 421.0 974.0 490.0
001225501027040 0.051 819.0 718.0 913.0 772.0
001225501027040 0.935 368.0 603.0 418.0 723.0
007238101032610 0.024 830.0 500.0 919.0 579.0
007238101032610 0.933 87.0 635.0 172.0 709.0
007516101031034 0.017 479.0 431.0 550.0 550.0
007516101031034 0.024 540.0 413.0 608.0 571.0
007516101031034 0.061 555.0 463.0 598.0 566.0
007516101031034 0.111 1015.0 458.0 1056.0 517.0
001275801027543 0.010 946.0 605.0 1028.0 692.0
001275801027543 0.936 994.0 601.0 1103.0 714.0
007195001032153 0.926 40.0 540.0 156.0 603.0
007396701029840 0.020 511.0 828.0 645.0 873.0
007396701029840 0.025 568.0 444.0 617.0 542.0
006535401028315 0.011 903.0 597.0 964.0 693.0
006535401028315 0.011 127.0 488.0 208.0 556.0
006535401028315 0.017 230.0 444.0 306.0 480.0
006535401028315 0.034 624.0 547.0 764.0 596.0
006535401028315 0.049 283.0 507.0 388.0 545.0
006535401028315 0.371 127.0 550.0 237.0 590.0
000537801019163 0.010 470.0 480.0 519.0 556.0
000537801019163 0.010 505.0 606.0 581.0 666.0
000537801019163 0.011 522.0 415.0 642.0 487.0
000537801019163 0.016 556.0 437.0 643.0 481.0
000537801019163 0.061 531.0 573.0 585.0 659.0
000537801019163 0.936 469.0 550.0 530.0 639.0
006701001032413 0.015 519.0 508.0 593.0 594.0
006701001032413 0.019 531.0 473.0 583.0 566.0
006701001032413 0.019 261.0 525.0 339.0 597.0
006701001032413 0.019 500.0 389.0 579.0 506.0
006701001032413 0.034 286.0 528.0 350.0 626.0
006701001032413 0.050 281.0 519.0 393.0 568.0
006701001032413 0.777 524.0 545.0 595.0 638.0
007764601033519 0.013 383.0 459.0 446.0 541.0
007764601033519 0.017 393.0 511.0 468.0 628.0
007764601033519 0.020 359.0 490.0 430.0 567.0
007764601033519 0.021 354.0 420.0 413.0 511.0
007764601033519 0.718 484.0 370.0 527.0 462.0
007764601033519 0.736 424.0 536.0 467.0 646.0
007082701030975 0.015 656.0 605.0 821.0 686.0
007082701030975 0.844 661.0 601.0 749.0 674.0
007782701033700 0.012 547.0 397.0 612.0 460.0
007782701033700 0.016 625.0 465.0 682.0 579.0
007782701033700 0.020 663.0 548.0 709.0 634.0
001260301027388 0.020 32.0 533.0 91.0 631.0
001260301027388 0.947 337.0 637.0 430.0 751.0
007468401030557 0.020 356.0 497.0 459.0 561.0
007468401030557 0.158 128.0 494.0 209.0 529.0
008013601031097 0.013 1455.0 474.0 1561.0 558.0
008013601031097 0.013 1585.0 536.0 1641.0 675.0
008013601031097 0.018 728.0 537.0 817.0 662.0
008013601031097 0.023 693.0 415.0 797.0 545.0
008013601031097 0.027 1578.0 599.0 1641.0 715.0
008013601031097 0.031 1489.0 471.0 1582.0 521.0
008013601031097 0.035 795.0 651.0 905.0 702.0
008013601031097 0.037 605.0 605.0 645.0 696.0
008013601031097 0.232 717.0 432.0 770.0 552.0
006821301033616 0.013 267.0 485.0 374.0 546.0
006821301033616 0.063 284.0 495.0 420.0 555.0
007779901033672 0.011 207.0 570.0 295.0 626.0
007779901033672 0.011 216.0 351.0 327.0 423.0
007779901033672 0.011 255.0 565.0 339.0 614.0
007779901033672 0.024 261.0 569.0 352.0 654.0
007779901033672 0.024 174.0 348.0 292.0 408.0
007779901033672 0.115 795.0 471.0 870.0 507.0
007779901033672 0.661 178.0 357.0 258.0 393.0
001243801027223 0.012 174.0 710.0 222.0 761.0
001243801027223 0.943 717.0 537.0 806.0 640.0
000570001019485 0.010 714.0 478.0 855.0 578.0
000570001019485 0.021 1104.0 423.0 1235.0 543.0
000570001019485 0.933 763.0 378.0 877.0 449.0
000021401013999 0.016 1720.0 410.0 1855.0 492.0
000021401013999 0.942 345.0 493.0 402.0 586.0
000409301017878 0.012 325.0 738.0 465.0 797.0
000409301017878 0.012 388.0 621.0 511.0 686.0
000409301017878 0.052 315.0 764.0 461.0 819.0
000409301017878 0.935 317.0 610.0 452.0 656.0
007886901029830 0.014 88.0 463.0 194.0 566.0
007886901029830 0.018 195.0 432.0 304.0 483.0
007886901029830 0.020 118.0 515.0 204.0 643.0
007886901029830 0.021 57.0 618.0 170.0 717.0
007886901029830 0.081 148.0 480.0 215.0 610.0
007886901029830 0.569 8.0 555.0 109.0 628.0
007886901029830 0.795 1088.0 475.0 1211.0 560.0
006493601008737 0.011 1424.0 406.0 1631.0 510.0
006493601008737 0.034 1312.0 498.0 1354.0 582.0
006602401031427 0.011 1254.0 461.0 1374.0 547.0
006602401031427 0.027 175.0 529.0 267.0 687.0
006602401031427 0.050 121.0 461.0 178.0 538.0
006602401031427 0.059 159.0 476.0 217.0 555.0
006602401031427 0.246 1181.0 480.0 1288.0 543.0
006602401031427 0.738 1244.0 455.0 1363.0 507.0
000843601022221 0.041 651.0 446.0 694.0 517.0
000843601022221 0.954 760.0 476.0 833.0 586.0
007177001031964 0.010 994.0 439.0 1127.0 499.0
007177001031964 0.011 958.0 438.0 1076.0 506.0
007177001031964 0.011 917.0 380.0 1040.0 467.0
007177001031964 0.011 472.0 363.0 575.0 479.0
007177001031964 0.011 967.0 463.0 1103.0 536.0
007177001031964 0.012 95.0 620.0 144.0 724.0
007177001031964 0.012 954.0 500.0 1076.0 573.0
007177001031964 0.016 944.0 443.0 1048.0 549.0
007177001031964 0.027 531.0 334.0 632.0 411.0
007177001031964 0.035 953.0 443.0 1007.0 520.0
007177001031964 0.041 901.0 378.0 1010.0 435.0
007177001031964 0.047 478.0 430.0 563.0 486.0
007177001031964 0.053 973.0 547.0 1063.0 593.0
007177001031964 0.118 957.0 505.0 1049.0 541.0
006724601011047 0.019 1241.0 551.0 1331.0 594.0
006724601011047 0.592 1423.0 542.0 1514.0 651.0
